  
       XFOIL         Version 6.99
  
 Calculated polar for: AIRFOIL                                         
  
 1 1 Reynolds number fixed          Mach number fixed         
  
 xtrf =   1.000 (top)        1.000 (bottom)  
 Mach =   0.200     Re =    30.118 e 6     Ncrit =   9.000
  
   alpha    CL        CD       CDp       CM     Top_Xtr  Bot_Xtr
  ------ -------- --------- --------- -------- -------- --------
  -1.000  -0.0687   0.00594   0.00115  -0.0491   0.1517   0.1096
  -0.900  -0.0577   0.00596   0.00115  -0.0490   0.1413   0.1100
  -0.800  -0.0463   0.00595   0.00114  -0.0490   0.1377   0.1120
  -0.700  -0.0351   0.00596   0.00114  -0.0489   0.1321   0.1131
  -0.600  -0.0242   0.00599   0.00114  -0.0487   0.1194   0.1138
  -0.500  -0.0127   0.00599   0.00114  -0.0487   0.1145   0.1143
  -0.400  -0.0012   0.00599   0.00114  -0.0487   0.1134   0.1156
  -0.300   0.0098   0.00602   0.00114  -0.0486   0.1028   0.1174
  -0.200   0.0207   0.00605   0.00115  -0.0484   0.0915   0.1175
  -0.100   0.0325   0.00602   0.00114  -0.0484   0.0946   0.1218
   0.000   0.0436   0.00604   0.00114  -0.0483   0.0881   0.1228
   0.100   0.0548   0.00605   0.00115  -0.0482   0.0821   0.1241
   0.200   0.0659   0.00608   0.00115  -0.0481   0.0739   0.1249
   0.300   0.0774   0.00609   0.00116  -0.0481   0.0703   0.1250
   0.400   0.0889   0.00610   0.00116  -0.0480   0.0691   0.1252
   0.500   0.0999   0.00612   0.00117  -0.0479   0.0610   0.1290
   0.600   0.1113   0.00613   0.00117  -0.0478   0.0591   0.1314
   0.700   0.1226   0.00614   0.00118  -0.0478   0.0552   0.1322
   0.800   0.1339   0.00615   0.00118  -0.0477   0.0519   0.1347
   0.900   0.1453   0.00616   0.00119  -0.0476   0.0492   0.1356
   1.000   0.1566   0.00618   0.00120  -0.0475   0.0454   0.1361
   1.100   0.1680   0.00620   0.00121  -0.0475   0.0425   0.1365
   1.200   0.1791   0.00621   0.00122  -0.0473   0.0379   0.1422
   1.300   0.1906   0.00623   0.00123  -0.0473   0.0375   0.1421
   1.400   0.2019   0.00623   0.00124  -0.0472   0.0351   0.1464
   1.500   0.2134   0.00624   0.00125  -0.0472   0.0339   0.1471
   1.600   0.2247   0.00626   0.00126  -0.0471   0.0320   0.1480
   1.700   0.2360   0.00628   0.00128  -0.0470   0.0291   0.1483
   1.800   0.2474   0.00630   0.00129  -0.0469   0.0276   0.1529
   1.900   0.2588   0.00631   0.00130  -0.0468   0.0262   0.1559
   2.000   0.2701   0.00632   0.00131  -0.0467   0.0246   0.1574
   2.100   0.2816   0.00633   0.00133  -0.0467   0.0241   0.1590
   2.200   0.2928   0.00636   0.00134  -0.0466   0.0218   0.1607
   2.300   0.3043   0.00637   0.00136  -0.0465   0.0215   0.1627
   2.400   0.3157   0.00639   0.00138  -0.0464   0.0201   0.1670
   2.500   0.3270   0.00640   0.00139  -0.0463   0.0191   0.1706
   2.600   0.3384   0.00642   0.00141  -0.0462   0.0181   0.1723
   2.700   0.3496   0.00645   0.00143  -0.0461   0.0163   0.1736
   2.800   0.3612   0.00646   0.00144  -0.0461   0.0170   0.1743
   2.900   0.3726   0.00647   0.00146  -0.0460   0.0164   0.1809
   3.000   0.3839   0.00650   0.00149  -0.0459   0.0152   0.1817
   3.100   0.3951   0.00651   0.00151  -0.0457   0.0141   0.1878
   3.200   0.4065   0.00653   0.00153  -0.0456   0.0138   0.1879
   3.300   0.4178   0.00656   0.00155  -0.0455   0.0130   0.1885
   3.400   0.4291   0.00657   0.00158  -0.0454   0.0120   0.2002
   3.500   0.4406   0.00659   0.00159  -0.0453   0.0122   0.1995
   3.600   0.4520   0.00660   0.00162  -0.0452   0.0120   0.2089
   3.700   0.4631   0.00662   0.00164  -0.0451   0.0111   0.2144
   3.800   0.4744   0.00665   0.00167  -0.0450   0.0104   0.2171
   3.900   0.4859   0.00667   0.00170  -0.0449   0.0103   0.2166
   4.000   0.4972   0.00668   0.00172  -0.0448   0.0101   0.2261
   4.100   0.5086   0.00670   0.00174  -0.0447   0.0100   0.2313
   4.300   0.5313   0.00674   0.00180  -0.0444   0.0095   0.2418
   4.400   0.5425   0.00677   0.00183  -0.0443   0.0090   0.2481
   4.500   0.5538   0.00680   0.00187  -0.0441   0.0084   0.2511
   4.600   0.5651   0.00681   0.00189  -0.0440   0.0083   0.2613
   4.700   0.5764   0.00682   0.00192  -0.0439   0.0083   0.2749
   4.800   0.5878   0.00684   0.00195  -0.0438   0.0082   0.2789
   4.900   0.5990   0.00683   0.00198  -0.0437   0.0082   0.3004
   5.000   0.6103   0.00683   0.00201  -0.0435   0.0082   0.3147
   5.100   0.6193   0.00633   0.00197  -0.0434   0.0080   0.5397
   5.200   0.6305   0.00633   0.00201  -0.0432   0.0078   0.5549
   5.300   0.6416   0.00634   0.00204  -0.0430   0.0076   0.5665
   5.400   0.6525   0.00634   0.00208  -0.0428   0.0070   0.5866
   5.500   0.6637   0.00634   0.00211  -0.0427   0.0071   0.6037
   5.600   0.6749   0.00637   0.00215  -0.0425   0.0068   0.6103
   5.700   0.6862   0.00640   0.00219  -0.0423   0.0064   0.6155
   5.800   0.6976   0.00645   0.00223  -0.0422   0.0064   0.6146
   5.900   0.7088   0.00647   0.00227  -0.0420   0.0065   0.6238
   6.000   0.7200   0.00648   0.00230  -0.0419   0.0065   0.6340
   6.100   0.7313   0.00652   0.00235  -0.0417   0.0064   0.6374
   6.200   0.7425   0.00656   0.00239  -0.0415   0.0063   0.6447
   6.300   0.7540   0.00660   0.00243  -0.0414   0.0064   0.6427
   6.400   0.7653   0.00664   0.00247  -0.0412   0.0064   0.6462
   6.500   0.7761   0.00671   0.00254  -0.0409   0.0057   0.6525
   6.600   0.7875   0.00674   0.00257  -0.0408   0.0059   0.6537
   6.700   0.7985   0.00682   0.00264  -0.0405   0.0053   0.6541
   6.800   0.8097   0.00684   0.00268  -0.0404   0.0055   0.6630
   6.900   0.8210   0.00687   0.00272  -0.0402   0.0057   0.6671
   7.000   0.8321   0.00695   0.00279  -0.0399   0.0051   0.6660
   7.100   0.8435   0.00697   0.00282  -0.0398   0.0056   0.6698
   7.200   0.8546   0.00705   0.00289  -0.0395   0.0050   0.6702
   7.300   0.8657   0.00710   0.00294  -0.0393   0.0049   0.6730
   7.400   0.8769   0.00714   0.00299  -0.0391   0.0050   0.6784
   7.500   0.8881   0.00718   0.00304  -0.0389   0.0049   0.6801
   7.600   0.8994   0.00724   0.00309  -0.0387   0.0049   0.6808
   7.700   0.9106   0.00729   0.00315  -0.0384   0.0049   0.6827
   7.800   0.9217   0.00735   0.00320  -0.0382   0.0049   0.6866
   7.900   0.9329   0.00740   0.00326  -0.0380   0.0049   0.6883
   8.000   0.9439   0.00745   0.00332  -0.0377   0.0048   0.6924
   8.100   0.9551   0.00750   0.00337  -0.0375   0.0048   0.6948
   8.200   0.9663   0.00756   0.00343  -0.0373   0.0048   0.6950
   8.300   0.9773   0.00763   0.00349  -0.0370   0.0047   0.6971
   8.400   0.9885   0.00768   0.00355  -0.0368   0.0048   0.6971
   8.500   0.9996   0.00775   0.00361  -0.0365   0.0047   0.6975
   8.600   1.0101   0.00785   0.00372  -0.0361   0.0042   0.7036
   8.700   1.0214   0.00789   0.00376  -0.0359   0.0044   0.7060
   8.800   1.0321   0.00797   0.00384  -0.0356   0.0042   0.7072
   8.900   1.0435   0.00801   0.00388  -0.0353   0.0044   0.7094
   9.000   1.0542   0.00810   0.00398  -0.0350   0.0042   0.7100
   9.100   1.0649   0.00820   0.00407  -0.0347   0.0038   0.7105
   9.200   1.0760   0.00827   0.00414  -0.0344   0.0037   0.7109
   9.300   1.0868   0.00836   0.00422  -0.0340   0.0035   0.7113
   9.400   1.0979   0.00842   0.00428  -0.0337   0.0036   0.7115
   9.500   1.1088   0.00849   0.00436  -0.0334   0.0035   0.7117
   9.600   1.1198   0.00857   0.00443  -0.0331   0.0035   0.7119
   9.700   1.1307   0.00864   0.00450  -0.0328   0.0035   0.7121
   9.800   1.1417   0.00872   0.00458  -0.0325   0.0035   0.7126
   9.900   1.1526   0.00879   0.00465  -0.0322   0.0035   0.7139
  10.000   1.1634   0.00888   0.00474  -0.0318   0.0034   0.7152
  10.100   1.1743   0.00895   0.00481  -0.0315   0.0035   0.7166
  10.200   1.1851   0.00903   0.00489  -0.0311   0.0035   0.7176
  10.300   1.1960   0.00910   0.00497  -0.0308   0.0035   0.7189
  10.400   1.2065   0.00920   0.00507  -0.0304   0.0033   0.7201
  10.500   1.2171   0.00930   0.00517  -0.0300   0.0032   0.7211
  10.600   1.2282   0.00935   0.00523  -0.0296   0.0034   0.7217
  10.700   1.2387   0.00945   0.00533  -0.0292   0.0033   0.7228
  10.800   1.2497   0.00952   0.00540  -0.0289   0.0034   0.7236
  10.900   1.2588   0.00975   0.00563  -0.0282   0.0026   0.7242
  11.000   1.2701   0.00978   0.00566  -0.0279   0.0030   0.7248
  11.100   1.2814   0.00980   0.00569  -0.0276   0.0032   0.7252
  11.200   1.2907   0.01002   0.00591  -0.0270   0.0026   0.7256
  11.300   1.3029   0.00996   0.00585  -0.0268   0.0034   0.7259
  11.400   1.3118   0.01022   0.00611  -0.0261   0.0026   0.7262
  11.500   1.3235   0.01019   0.00608  -0.0259   0.0031   0.7264
  11.600   1.3331   0.01038   0.00627  -0.0253   0.0028   0.7266
  11.700   1.3426   0.01057   0.00648  -0.0247   0.0023   0.7267
  11.800   1.3535   0.01062   0.00652  -0.0243   0.0025   0.7274
  11.900   1.3641   0.01070   0.00660  -0.0238   0.0026   0.7289
  12.000   1.3741   0.01083   0.00674  -0.0233   0.0024   0.7297
  12.100   1.3843   0.01094   0.00686  -0.0228   0.0023   0.7314
  12.200   1.3948   0.01103   0.00695  -0.0223   0.0024   0.7329
  12.300   1.4047   0.01116   0.00709  -0.0218   0.0023   0.7342
  12.500   1.4249   0.01139   0.00733  -0.0207   0.0023   0.7360
  12.600   1.4349   0.01151   0.00746  -0.0201   0.0023   0.7371
  12.700   1.4450   0.01161   0.00757  -0.0196   0.0023   0.7380
  12.800   1.4550   0.01172   0.00769  -0.0190   0.0023   0.7386
  12.900   1.4651   0.01182   0.00779  -0.0185   0.0023   0.7394
  13.000   1.4747   0.01197   0.00795  -0.0178   0.0023   0.7399
  13.100   1.4845   0.01209   0.00807  -0.0172   0.0023   0.7404
  13.200   1.4943   0.01219   0.00818  -0.0166   0.0023   0.7407
  13.300   1.5033   0.01233   0.00833  -0.0159   0.0023   0.7410
  13.400   1.5124   0.01241   0.00841  -0.0151   0.0023   0.7412
  13.500   1.5205   0.01257   0.00858  -0.0142   0.0023   0.7414
  13.600   1.5291   0.01269   0.00870  -0.0133   0.0023   0.7416
  13.700   1.5376   0.01281   0.00883  -0.0125   0.0023   0.7428
  13.800   1.5453   0.01298   0.00903  -0.0115   0.0023   0.7444
  13.900   1.5547   0.01303   0.00907  -0.0107   0.0023   0.7454
  14.000   1.5626   0.01319   0.00925  -0.0098   0.0023   0.7471
  14.100   1.5715   0.01329   0.00935  -0.0090   0.0023   0.7485
  14.200   1.5796   0.01344   0.00952  -0.0080   0.0023   0.7495
  14.300   1.5868   0.01366   0.00976  -0.0070   0.0023   0.7509
  14.400   1.5959   0.01373   0.00983  -0.0062   0.0023   0.7516
  14.500   1.6036   0.01391   0.01003  -0.0052   0.0023   0.7527
  14.600   1.6128   0.01398   0.01009  -0.0045   0.0022   0.7536
  14.700   1.6207   0.01414   0.01027  -0.0035   0.0023   0.7543
  14.800   1.6282   0.01433   0.01047  -0.0025   0.0023   0.7548
  14.900   1.6363   0.01448   0.01063  -0.0016   0.0023   0.7554
  15.000   1.6446   0.01461   0.01077  -0.0007   0.0023   0.7557
  15.100   1.6516   0.01483   0.01100   0.0003   0.0023   0.7560
  15.200   1.6602   0.01493   0.01111   0.0012   0.0023   0.7562
  15.300   1.6673   0.01513   0.01133   0.0022   0.0023   0.7565
  15.400   1.6763   0.01522   0.01141   0.0030   0.0022   0.7574
  15.500   1.6823   0.01549   0.01171   0.0042   0.0023   0.7587
  15.600   1.6897   0.01566   0.01190   0.0052   0.0023   0.7603
  15.700   1.6965   0.01588   0.01213   0.0063   0.0022   0.7618
  15.800   1.7051   0.01598   0.01224   0.0071   0.0022   0.7635
  15.900   1.7111   0.01624   0.01252   0.0083   0.0022   0.7645
  16.000   1.7193   0.01635   0.01264   0.0092   0.0022   0.7661
  16.100   1.7247   0.01665   0.01296   0.0104   0.0022   0.7674
  16.200   1.7327   0.01679   0.01311   0.0113   0.0022   0.7679
  16.300   1.7387   0.01703   0.01337   0.0125   0.0022   0.7690
  16.400   1.7458   0.01722   0.01358   0.0135   0.0022   0.7697
  16.500   1.7532   0.01739   0.01375   0.0145   0.0022   0.7702
  16.600   1.7577   0.01773   0.01413   0.0158   0.0022   0.7706
  16.700   1.7664   0.01782   0.01420   0.0166   0.0022   0.7710
  16.800   1.7713   0.01813   0.01454   0.0178   0.0022   0.7712
  16.900   1.7758   0.01846   0.01491   0.0191   0.0022   0.7714
  17.000   1.7820   0.01871   0.01517   0.0202   0.0022   0.7721
  17.100   1.7873   0.01898   0.01546   0.0214   0.0022   0.7736
  17.200   1.7938   0.01920   0.01569   0.0224   0.0022   0.7755
  17.300   1.7988   0.01951   0.01603   0.0236   0.0022   0.7770
  17.400   1.8024   0.01988   0.01643   0.0250   0.0022   0.7787
  17.500   1.8102   0.02002   0.01657   0.0258   0.0022   0.7798
  17.600   1.8165   0.02025   0.01681   0.0269   0.0022   0.7809
  17.700   1.8217   0.02056   0.01714   0.0280   0.0022   0.7827
  17.800   1.8247   0.02096   0.01757   0.0294   0.0022   0.7833
  17.900   1.8282   0.02134   0.01798   0.0306   0.0022   0.7844
  18.000   1.8348   0.02158   0.01823   0.0316   0.0022   0.7849
  18.100   1.8362   0.02208   0.01877   0.0330   0.0022   0.7855
  18.200   1.8318   0.02292   0.01968   0.0350   0.0022   0.7859
  18.300   1.8461   0.02272   0.01944   0.0352   0.0022   0.7862
  18.400   1.8451   0.02337   0.02014   0.0368   0.0022   0.7865
  18.500   1.8559   0.02337   0.02011   0.0373   0.0022   0.7868
  18.600   1.8579   0.02387   0.02064   0.0386   0.0022   0.7889
  18.700   1.8577   0.02449   0.02132   0.0400   0.0022   0.7906
  18.800   1.8599   0.02497   0.02182   0.0412   0.0022   0.7924
  18.900   1.8643   0.02536   0.02222   0.0422   0.0022   0.7941
  19.000   1.8638   0.02601   0.02291   0.0436   0.0022   0.7955
  19.100   1.8735   0.02608   0.02297   0.0442   0.0021   0.7966
  19.200   1.8600   0.02754   0.02454   0.0464   0.0022   0.7979
  19.300   1.8725   0.02744   0.02441   0.0468   0.0022   0.7990
  19.400   1.8711   0.02820   0.02521   0.0480   0.0022   0.8000
  19.500   1.8791   0.02840   0.02540   0.0487   0.0022   0.8005
  19.600   1.8734   0.02943   0.02649   0.0502   0.0022   0.8009
  19.700   1.8841   0.02946   0.02650   0.0506   0.0021   0.8013
  19.800   1.8782   0.03055   0.02764   0.0520   0.0022   0.8015
  19.900   1.8805   0.03113   0.02825   0.0528   0.0022   0.8022
  20.000   1.8713   0.03247   0.02965   0.0542   0.0022   0.8036
  20.100   1.8686   0.03341   0.03064   0.0551   0.0022   0.8060
  20.200   1.8777   0.03357   0.03078   0.0557   0.0022   0.8073
  20.300   1.8768   0.03444   0.03168   0.0565   0.0022   0.8091
  20.400   1.8760   0.03530   0.03257   0.0572   0.0022   0.8100
  20.500   1.8795   0.03589   0.03317   0.0579   0.0022   0.8116
  20.600   1.8794   0.03672   0.03402   0.0585   0.0021   0.8128
  20.700   1.8613   0.03898   0.03637   0.0593   0.0022   0.8137
  20.800   1.8659   0.03954   0.03693   0.0598   0.0022   0.8146
  20.900   1.8695   0.04016   0.03756   0.0602   0.0021   0.8153
  21.000   1.8610   0.04183   0.03929   0.0606   0.0022   0.8158
  21.100   1.8587   0.04303   0.04051   0.0609   0.0022   0.8162
  21.200   1.8483   0.04497   0.04250   0.0610   0.0022   0.8165
  21.300   1.8494   0.04594   0.04349   0.0612   0.0021   0.8172
  21.400   1.8503   0.04693   0.04449   0.0613   0.0021   0.8190
  21.500   1.8201   0.05101   0.04868   0.0603   0.0022   0.8220
  21.600   1.8332   0.05087   0.04851   0.0607   0.0021   0.8230
  21.700   1.8367   0.05171   0.04936   0.0607   0.0021   0.8245
  21.800   1.8020   0.05675   0.05452   0.0585   0.0022   0.8259
  21.900   1.8171   0.05636   0.05409   0.0591   0.0021   0.8270
  22.000   1.7816   0.06196   0.05980   0.0559   0.0022   0.8278
  22.100   1.8088   0.06004   0.05781   0.0576   0.0020   0.8288
  22.200   1.7678   0.06671   0.06461   0.0532   0.0022   0.8291
  22.300   1.7564   0.06985   0.06778   0.0511   0.0022   0.8297
  22.400   1.7097   0.07858   0.07661   0.0441   0.0022   0.8295
  22.500   1.7315   0.07687   0.07486   0.0460   0.0021   0.8301
  22.600   1.7081   0.08230   0.08034   0.0417   0.0021   0.8305
  22.700   1.6727   0.08983   0.08794   0.0356   0.0021   0.8300
  23.100   0.9858   0.22959   0.22856  -0.0773   0.0022   0.8126
  23.300   0.9776   0.23611   0.23511  -0.0817   0.0022   0.8140
  23.400   0.9817   0.23690   0.23590  -0.0823   0.0022   0.8146
  23.500   0.9790   0.23984   0.23885  -0.0843   0.0022   0.8150
  23.600   0.9440   0.25386   0.25291  -0.0922   0.0013   0.8151
  23.800   0.9785   0.24631   0.24534  -0.0888   0.0022   0.8162
  23.900   0.9810   0.24762   0.24665  -0.0897   0.0021   0.8165
  24.000   0.9818   0.24952   0.24856  -0.0911   0.0022   0.8168
  24.100   0.9811   0.25187   0.25092  -0.0926   0.0022   0.8180
  24.200   0.9760   0.25575   0.25482  -0.0950   0.0022   0.8194
  24.300   0.9819   0.25585   0.25492  -0.0954   0.0022   0.8214
  24.400   0.9828   0.25766   0.25674  -0.0966   0.0022   0.8223
  24.500   0.9861   0.25869   0.25777  -0.0975   0.0022   0.8238
  24.600   0.9884   0.26006   0.25913  -0.0985   0.0021   0.8253
