  
       XFOIL         Version 6.99
  
 Calculated polar for: NACA 1411                                       
  
 1 1 Reynolds number fixed          Mach number fixed         
  
 xtrf =   1.000 (top)        1.000 (bottom)  
 Mach =   0.300     Re =    60.642 e 6     Ncrit =   9.000
  
   alpha    CL        CD       CDp       CM     Top_Xtr  Bot_Xtr
  ------ -------- --------- --------- -------- -------- --------
  -1.000   0.0056   0.00481   0.00068  -0.0274   0.2343   0.0878
  -0.900   0.0179   0.00481   0.00067  -0.0275   0.2325   0.0885
  -0.800   0.0301   0.00483   0.00068  -0.0275   0.2225   0.0918
  -0.700   0.0423   0.00480   0.00067  -0.0276   0.2216   0.0981
  -0.600   0.0544   0.00483   0.00068  -0.0276   0.2128   0.1002
  -0.500   0.0667   0.00481   0.00067  -0.0276   0.2092   0.1070
  -0.400   0.0789   0.00482   0.00067  -0.0277   0.2037   0.1102
  -0.300   0.0911   0.00483   0.00067  -0.0277   0.1967   0.1129
  -0.200   0.1034   0.00482   0.00067  -0.0278   0.1948   0.1183
  -0.100   0.1155   0.00483   0.00067  -0.0278   0.1871   0.1221
   0.000   0.1278   0.00484   0.00068  -0.0279   0.1833   0.1238
   0.100   0.1398   0.00485   0.00068  -0.0279   0.1742   0.1325
   0.200   0.1520   0.00486   0.00068  -0.0279   0.1687   0.1334
   0.300   0.1642   0.00487   0.00069  -0.0280   0.1634   0.1405
   0.400   0.1765   0.00487   0.00069  -0.0280   0.1598   0.1448
   0.500   0.1887   0.00488   0.00070  -0.0281   0.1567   0.1461
   0.600   0.2009   0.00489   0.00070  -0.0281   0.1485   0.1530
   0.700   0.2131   0.00488   0.00071  -0.0282   0.1475   0.1583
   0.800   0.2252   0.00492   0.00073  -0.0282   0.1379   0.1619
   1.000   0.2496   0.00494   0.00074  -0.0283   0.1306   0.1704
   1.100   0.2618   0.00495   0.00075  -0.0283   0.1250   0.1743
   1.200   0.2740   0.00494   0.00075  -0.0284   0.1225   0.1841
   1.300   0.2861   0.00495   0.00077  -0.0284   0.1172   0.1927
   1.400   0.2984   0.00498   0.00078  -0.0285   0.1131   0.1895
   1.500   0.3105   0.00500   0.00079  -0.0285   0.1074   0.1965
   1.600   0.3227   0.00501   0.00080  -0.0285   0.1030   0.2016
   1.800   0.3470   0.00505   0.00083  -0.0286   0.0944   0.2144
   1.900   0.3593   0.00505   0.00084  -0.0286   0.0918   0.2176
   2.000   0.3714   0.00508   0.00086  -0.0286   0.0862   0.2239
   2.100   0.3835   0.00509   0.00087  -0.0287   0.0819   0.2320
   2.200   0.3959   0.00510   0.00088  -0.0287   0.0813   0.2336
   2.300   0.4080   0.00513   0.00091  -0.0287   0.0772   0.2373
   2.400   0.4201   0.00514   0.00092  -0.0288   0.0721   0.2454
   2.500   0.4324   0.00515   0.00094  -0.0288   0.0712   0.2536
   2.700   0.4567   0.00520   0.00098  -0.0288   0.0631   0.2606
   2.800   0.4689   0.00522   0.00100  -0.0289   0.0610   0.2694
   2.900   0.4810   0.00525   0.00103  -0.0289   0.0580   0.2730
   3.000   0.4933   0.00527   0.00104  -0.0289   0.0548   0.2764
   3.100   0.5055   0.00528   0.00106  -0.0289   0.0544   0.2835
   3.200   0.5176   0.00532   0.00110  -0.0289   0.0494   0.2867
   3.300   0.5299   0.00534   0.00111  -0.0289   0.0476   0.2925
   3.500   0.5542   0.00537   0.00116  -0.0290   0.0449   0.3070
   3.600   0.5664   0.00540   0.00119  -0.0290   0.0420   0.3121
   3.700   0.5786   0.00542   0.00121  -0.0290   0.0400   0.3199
   3.800   0.5907   0.00546   0.00124  -0.0290   0.0373   0.3233
   3.900   0.6030   0.00548   0.00127  -0.0290   0.0358   0.3296
   4.000   0.6152   0.00549   0.00129  -0.0290   0.0352   0.3361
   4.100   0.6275   0.00552   0.00132  -0.0290   0.0344   0.3388
   4.300   0.6519   0.00557   0.00138  -0.0290   0.0306   0.3520
   4.400   0.6641   0.00560   0.00140  -0.0290   0.0297   0.3603
   4.500   0.6762   0.00563   0.00144  -0.0289   0.0283   0.3634
   4.600   0.6884   0.00566   0.00147  -0.0289   0.0267   0.3724
   4.700   0.7007   0.00568   0.00150  -0.0289   0.0261   0.3774
   4.800   0.7130   0.00570   0.00153  -0.0289   0.0256   0.3834
   4.900   0.7250   0.00575   0.00157  -0.0289   0.0233   0.3887
   5.000   0.7373   0.00577   0.00160  -0.0288   0.0224   0.3964
   5.100   0.7496   0.00580   0.00163  -0.0288   0.0222   0.4022
   5.200   0.7618   0.00583   0.00167  -0.0288   0.0217   0.4076
   5.300   0.7739   0.00586   0.00171  -0.0287   0.0205   0.4156
   5.400   0.7862   0.00590   0.00175  -0.0287   0.0194   0.4217
   5.500   0.7984   0.00592   0.00178  -0.0287   0.0190   0.4285
   5.600   0.8106   0.00596   0.00182  -0.0286   0.0183   0.4361
   5.700   0.8229   0.00598   0.00185  -0.0286   0.0182   0.4422
   5.800   0.8350   0.00603   0.00190  -0.0285   0.0166   0.4503
   5.900   0.8473   0.00606   0.00194  -0.0285   0.0161   0.4560
   6.000   0.8595   0.00608   0.00198  -0.0284   0.0160   0.4646
   6.100   0.8718   0.00612   0.00202  -0.0284   0.0157   0.4680
   6.200   0.8840   0.00616   0.00206  -0.0283   0.0152   0.4730
   6.300   0.8962   0.00620   0.00211  -0.0282   0.0145   0.4814
   6.400   0.9084   0.00624   0.00216  -0.0282   0.0138   0.4891
   6.500   0.9207   0.00627   0.00219  -0.0281   0.0135   0.4951
   6.600   0.9330   0.00631   0.00224  -0.0280   0.0134   0.5010
   6.700   0.9453   0.00634   0.00228  -0.0280   0.0132   0.5068
   6.800   0.9574   0.00640   0.00234  -0.0279   0.0125   0.5112
   7.000   0.9818   0.00649   0.00244  -0.0277   0.0113   0.5253
   7.100   0.9941   0.00652   0.00249  -0.0276   0.0112   0.5331
   7.200   1.0064   0.00657   0.00254  -0.0275   0.0111   0.5369
   7.300   1.0186   0.00660   0.00258  -0.0274   0.0110   0.5459
   7.400   1.0309   0.00665   0.00264  -0.0273   0.0107   0.5515
   7.500   1.0430   0.00671   0.00270  -0.0271   0.0103   0.5580
   7.600   1.0553   0.00676   0.00276  -0.0270   0.0100   0.5631
   7.700   1.0675   0.00681   0.00282  -0.0269   0.0096   0.5698
   7.800   1.0798   0.00686   0.00287  -0.0268   0.0092   0.5753
   7.900   1.0921   0.00690   0.00293  -0.0266   0.0092   0.5834
   8.000   1.1044   0.00695   0.00298  -0.0265   0.0091   0.5880
   8.100   1.1166   0.00700   0.00304  -0.0264   0.0090   0.5957
   8.200   1.1289   0.00704   0.00310  -0.0262   0.0089   0.6013
   8.300   1.1410   0.00711   0.00317  -0.0260   0.0085   0.6079
   8.400   1.1531   0.00718   0.00325  -0.0259   0.0081   0.6146
   8.500   1.1654   0.00723   0.00331  -0.0257   0.0079   0.6224
   8.600   1.1776   0.00729   0.00338  -0.0255   0.0076   0.6272
   8.700   1.1899   0.00734   0.00344  -0.0253   0.0074   0.6354
   8.800   1.2022   0.00739   0.00351  -0.0252   0.0074   0.6422
   8.900   1.2145   0.00744   0.00357  -0.0250   0.0074   0.6514
   9.000   1.2268   0.00750   0.00364  -0.0248   0.0073   0.6558
   9.100   1.2390   0.00756   0.00370  -0.0246   0.0072   0.6648
   9.200   1.2512   0.00762   0.00378  -0.0244   0.0071   0.6710
   9.300   1.2633   0.00770   0.00387  -0.0242   0.0068   0.6791
   9.400   1.2756   0.00777   0.00395  -0.0239   0.0067   0.6858
   9.500   1.2876   0.00784   0.00404  -0.0237   0.0064   0.6946
   9.600   1.2998   0.00790   0.00412  -0.0235   0.0062   0.7052
   9.700   1.3120   0.00798   0.00420  -0.0232   0.0059   0.7111
   9.800   1.3243   0.00804   0.00428  -0.0230   0.0059   0.7215
   9.900   1.3365   0.00810   0.00436  -0.0227   0.0058   0.7324
  10.000   1.3488   0.00815   0.00444  -0.0225   0.0058   0.7438
  10.100   1.3611   0.00822   0.00452  -0.0222   0.0058   0.7534
  10.200   1.3733   0.00828   0.00460  -0.0220   0.0058   0.7624
  10.300   1.3855   0.00835   0.00469  -0.0217   0.0057   0.7729
  10.400   1.3977   0.00842   0.00478  -0.0214   0.0056   0.7846
  10.500   1.4098   0.00851   0.00489  -0.0211   0.0054   0.7920
  10.600   1.4220   0.00858   0.00497  -0.0208   0.0054   0.8011
  10.700   1.4340   0.00868   0.00509  -0.0204   0.0052   0.8110
  10.800   1.4459   0.00878   0.00521  -0.0201   0.0050   0.8193
  10.900   1.4581   0.00886   0.00531  -0.0197   0.0048   0.8276
  11.000   1.4701   0.00895   0.00542  -0.0194   0.0046   0.8364
  11.100   1.4823   0.00904   0.00552  -0.0190   0.0045   0.8420
  11.300   1.5067   0.00921   0.00572  -0.0183   0.0045   0.8561
  11.400   1.5189   0.00929   0.00582  -0.0180   0.0045   0.8629
  11.500   1.5311   0.00938   0.00593  -0.0176   0.0044   0.8682
  11.600   1.5432   0.00947   0.00603  -0.0172   0.0044   0.8753
  11.700   1.5554   0.00957   0.00614  -0.0168   0.0044   0.8796
  11.800   1.5676   0.00966   0.00625  -0.0164   0.0044   0.8851
  12.000   1.5917   0.00987   0.00649  -0.0155   0.0043   0.8965
  12.100   1.6038   0.00997   0.00661  -0.0151   0.0042   0.9035
  12.200   1.6157   0.01008   0.00674  -0.0146   0.0041   0.9081
  12.300   1.6276   0.01020   0.00687  -0.0142   0.0041   0.9148
  12.400   1.6395   0.01032   0.00701  -0.0137   0.0040   0.9201
  12.500   1.6509   0.01046   0.00717  -0.0131   0.0038   0.9278
  12.600   1.6629   0.01057   0.00730  -0.0126   0.0038   0.9330
  12.700   1.6747   0.01069   0.00745  -0.0121   0.0037   0.9400
  12.800   1.6863   0.01083   0.00760  -0.0115   0.0036   0.9458
  12.900   1.6979   0.01095   0.00775  -0.0109   0.0035   0.9532
  13.000   1.7095   0.01108   0.00790  -0.0104   0.0034   0.9593
  13.100   1.7211   0.01120   0.00804  -0.0097   0.0033   0.9660
  13.200   1.7324   0.01133   0.00819  -0.0091   0.0033   0.9727
  13.300   1.7436   0.01145   0.00834  -0.0084   0.0033   0.9800
  13.400   1.7544   0.01157   0.00848  -0.0076   0.0033   0.9868
  13.500   1.7652   0.01169   0.00862  -0.0068   0.0033   0.9935
  13.600   1.7785   0.01184   0.00878  -0.0065   0.0033   0.9988
  13.700   1.7903   0.01198   0.00894  -0.0059   0.0033   1.0000
  13.800   1.8019   0.01213   0.00910  -0.0052   0.0032   1.0000
  13.900   1.8135   0.01228   0.00926  -0.0046   0.0032   1.0000
  14.000   1.8251   0.01243   0.00942  -0.0039   0.0032   1.0000
  14.100   1.8366   0.01259   0.00959  -0.0032   0.0032   1.0000
  14.200   1.8480   0.01275   0.00977  -0.0025   0.0032   1.0000
  14.300   1.8593   0.01291   0.00994  -0.0018   0.0031   1.0000
  14.400   1.8705   0.01308   0.01013  -0.0010   0.0031   1.0000
  14.500   1.8817   0.01325   0.01031  -0.0003   0.0031   1.0000
  14.600   1.8928   0.01343   0.01051   0.0005   0.0031   1.0000
  14.700   1.9037   0.01362   0.01070   0.0013   0.0031   1.0000
  14.800   1.9146   0.01380   0.01090   0.0021   0.0030   1.0000
  14.900   1.9252   0.01399   0.01111   0.0030   0.0030   1.0000
  15.000   1.9358   0.01419   0.01133   0.0039   0.0030   1.0000
  15.100   1.9461   0.01439   0.01155   0.0048   0.0030   1.0000
  15.200   1.9563   0.01461   0.01178   0.0058   0.0029   1.0000
  15.300   1.9663   0.01482   0.01202   0.0067   0.0029   1.0000
  15.400   1.9758   0.01505   0.01227   0.0078   0.0029   1.0000
  15.500   1.9847   0.01529   0.01253   0.0089   0.0029   1.0000
  15.600   1.9924   0.01553   0.01279   0.0103   0.0029   1.0000
  15.700   1.9983   0.01577   0.01306   0.0119   0.0029   1.0000
  15.800   2.0038   0.01604   0.01335   0.0135   0.0029   1.0000
  15.900   2.0089   0.01635   0.01369   0.0151   0.0029   1.0000
  16.000   2.0139   0.01667   0.01404   0.0167   0.0029   1.0000
  16.100   2.0188   0.01702   0.01442   0.0182   0.0029   1.0000
  16.200   2.0231   0.01741   0.01485   0.0198   0.0029   1.0000
  16.300   2.0269   0.01784   0.01531   0.0213   0.0029   1.0000
  16.400   2.0300   0.01832   0.01583   0.0229   0.0029   1.0000
  16.500   2.0321   0.01887   0.01642   0.0245   0.0029   1.0000
  16.600   2.0340   0.01945   0.01704   0.0260   0.0029   1.0000
  16.700   2.0346   0.02013   0.01776   0.0275   0.0029   1.0000
  16.800   2.0349   0.02084   0.01852   0.0290   0.0029   1.0000
  16.900   2.0341   0.02166   0.01939   0.0304   0.0029   1.0000
  17.000   2.0324   0.02255   0.02033   0.0317   0.0029   1.0000
  17.100   2.0303   0.02352   0.02135   0.0329   0.0029   1.0000
  17.200   2.0272   0.02460   0.02249   0.0340   0.0029   1.0000
  17.300   2.0231   0.02578   0.02371   0.0350   0.0029   1.0000
  17.400   2.0191   0.02703   0.02502   0.0359   0.0029   1.0000
  17.500   2.0139   0.02843   0.02647   0.0365   0.0029   1.0000
  17.600   2.0077   0.02993   0.02802   0.0370   0.0029   1.0000
  17.700   2.0026   0.03143   0.02957   0.0374   0.0029   1.0000
  17.800   1.9963   0.03311   0.03130   0.0376   0.0029   1.0000
  17.900   1.9900   0.03484   0.03308   0.0376   0.0029   1.0000
  18.000   1.9832   0.03663   0.03491   0.0375   0.0029   1.0000
  18.400   1.9503   0.04501   0.04347   0.0356   0.0029   1.0000
  18.500   1.9437   0.04705   0.04553   0.0349   0.0029   1.0000
  18.600   1.9361   0.04922   0.04774   0.0342   0.0029   1.0000
  18.700   1.9282   0.05150   0.05005   0.0333   0.0029   1.0000
  18.800   1.9205   0.05378   0.05236   0.0324   0.0028   1.0000
  18.900   1.9130   0.05603   0.05464   0.0315   0.0028   1.0000
  19.000   1.9049   0.05833   0.05697   0.0305   0.0028   1.0000
  19.100   1.8969   0.06068   0.05934   0.0295   0.0028   1.0000
  19.200   1.8886   0.06310   0.06179   0.0284   0.0028   1.0000
  19.300   1.8809   0.06547   0.06418   0.0273   0.0028   1.0000
  19.400   1.8721   0.06797   0.06670   0.0262   0.0028   1.0000
  19.500   1.8642   0.07035   0.06911   0.0251   0.0028   1.0000
  19.600   1.8555   0.07281   0.07159   0.0239   0.0028   1.0000
  19.700   1.8477   0.07522   0.07401   0.0228   0.0028   1.0000
  19.800   1.8393   0.07771   0.07652   0.0216   0.0028   1.0000
  19.900   1.8306   0.08026   0.07908   0.0203   0.0028   1.0000
  20.000   1.8222   0.08276   0.08161   0.0191   0.0027   1.0000
